437
357
296
214
228
352
405
216
312
396
222
389
404
344
372
424
399
213
400
253
315
325
355
317
422
284
299
363
209
371
395
353
217
210
271
273
410
327
234
286
247
418
417
256
313
314
307
435
328
305
362
287
220
409
237
426
407
421
308
267
398
397
309
254
219
318
221
436
241
356
394
393
301
269
277
438
406
367
413
240
388
402
310
255
236
262
385
251
374
345
347
306
285
370
439
282
223
259
300
326
373
392
302
248
229
304
383
298
425
311
391
283
235
369
411
423
387
270
365
428
416
429
334
261
415
316
264
408
239
384
414
419
238
366
329
403
412
420
401
252
303
268
